>AAAAAAAAAAAA	5-AAAAAAAAAAAA	9.609401	-7.760536	0	T:20.0(9.95%),B:2034.6(4.27%),P:1e-3
0.841	0.067	0.045	0.047
0.822	0.059	0.056	0.063
0.795	0.056	0.076	0.073
0.813	0.064	0.039	0.084
0.841	0.069	0.033	0.057
0.787	0.112	0.040	0.061
0.885	0.079	0.001	0.035
0.861	0.092	0.020	0.027
0.834	0.093	0.029	0.044
0.869	0.083	0.027	0.021
0.847	0.081	0.018	0.054
0.811	0.066	0.063	0.060
