>WAAAATGGCT	1-WAAAATGGCT	7.240347	-42.502418	0	T:20.0(13.61%),B:339.0(0.76%),P:1e-18	Tpos:50.3,Tstd:5.3,Bpos:26.8,Bstd:14.1,StrandBias:4.2,Multiplicity:1.00
0.544	0.015	0.009	0.432
0.997	0.001	0.001	0.001
0.592	0.291	0.001	0.116
0.997	0.001	0.001	0.001
0.997	0.001	0.001	0.001
0.001	0.001	0.001	0.997
0.001	0.001	0.997	0.001
0.001	0.001	0.641	0.357
0.001	0.997	0.001	0.001
0.001	0.129	0.001	0.869
>AGTAGCAAAC	2-AGTAGCAAAC	9.396952	-20.621091	0	T:8.0(5.44%),B:92.9(0.21%),P:1e-8	Tpos:26.8,Tstd:11.6,Bpos:26.8,Bstd:15.4,StrandBias:10.0,Multiplicity:1.00
0.997	0.001	0.001	0.001
0.193	0.233	0.467	0.107
0.112	0.096	0.198	0.594
0.997	0.001	0.001	0.001
0.077	0.001	0.921	0.001
0.112	0.667	0.103	0.118
0.718	0.280	0.001	0.001
0.997	0.001	0.001	0.001
0.881	0.001	0.117	0.001
0.088	0.781	0.130	0.001
>TTWATGATMA	3-TTWATGATMA	9.057017	-14.791666	0	T:11.0(7.48%),B:452.6(1.01%),P:1e-6	Tpos:26.5,Tstd:17.3,Bpos:28.5,Bstd:17.7,StrandBias:-0.3,Multiplicity:1.00
0.240	0.001	0.174	0.585
0.001	0.001	0.001	0.997
0.490	0.001	0.001	0.508
0.908	0.001	0.001	0.090
0.184	0.001	0.001	0.814
0.121	0.240	0.637	0.002
0.997	0.001	0.001	0.001
0.001	0.001	0.329	0.669
0.389	0.292	0.091	0.228
0.813	0.001	0.001	0.185
>TTGTTCTGGT	4-TTGTTCTGGT	11.733385	-14.361510	0	T:4.0(2.72%),B:19.2(0.04%),P:1e-6	Tpos:20.0,Tstd:9.5,Bpos:24.8,Bstd:11.8,StrandBias:-1.6,Multiplicity:1.00
0.001	0.001	0.001	0.997
0.001	0.001	0.001	0.997
0.001	0.001	0.997	0.001
0.001	0.001	0.001	0.997
0.001	0.001	0.001	0.997
0.001	0.641	0.164	0.194
0.001	0.001	0.001	0.997
0.001	0.001	0.997	0.001
0.001	0.001	0.855	0.143
0.001	0.001	0.266	0.732
>ACACACACAA	5-ACACACACAA	8.350283	-12.661585	0	T:8.0(5.44%),B:264.2(0.59%),P:1e-5	Tpos:35.6,Tstd:9.8,Bpos:27.0,Bstd:21.6,StrandBias:0.7,Multiplicity:1.00
0.700	0.100	0.100	0.100
0.100	0.700	0.100	0.100
0.700	0.100	0.100	0.100
0.100	0.700	0.100	0.100
0.700	0.100	0.100	0.100
0.100	0.700	0.100	0.100
0.700	0.100	0.100	0.100
0.100	0.700	0.100	0.100
0.700	0.100	0.100	0.100
0.700	0.100	0.100	0.100
