>AMAATGGC	1-AMAATGGC	7.396438	-31.410790	0	T:22.0(14.97%),B:784.0(1.75%),P:1e-13	Tpos:48.5,Tstd:8.8,Bpos:27.8,Bstd:14.5,StrandBias:3.3,Multiplicity:1.00
0.997	0.001	0.001	0.001
0.426	0.533	0.001	0.040
0.997	0.001	0.001	0.001
0.997	0.001	0.001	0.001
0.001	0.001	0.001	0.997
0.001	0.077	0.877	0.045
0.045	0.001	0.775	0.179
0.032	0.926	0.001	0.041
>AATAACCT	2-AATAACCT	6.767181	-21.031820	0	T:23.0(15.65%),B:1480.0(3.31%),P:1e-9	Tpos:21.5,Tstd:14.2,Bpos:27.9,Bstd:16.9,StrandBias:2.3,Multiplicity:1.04
0.692	0.001	0.001	0.306
0.769	0.141	0.001	0.089
0.087	0.001	0.108	0.804
0.912	0.086	0.001	0.001
0.851	0.129	0.019	0.001
0.001	0.691	0.307	0.001
0.011	0.977	0.001	0.011
0.248	0.001	0.240	0.511
>ACTTAGTT	3-ACTTAGTT	7.117562	-14.591081	0	T:22.0(14.97%),B:1945.6(4.35%),P:1e-6	Tpos:25.3,Tstd:13.6,Bpos:27.9,Bstd:17.6,StrandBias:-1.8,Multiplicity:1.05
0.886	0.063	0.001	0.050
0.080	0.556	0.342	0.022
0.001	0.001	0.345	0.653
0.100	0.001	0.100	0.799
0.655	0.065	0.001	0.279
0.114	0.128	0.510	0.248
0.001	0.001	0.001	0.997
0.021	0.001	0.001	0.977
>CACACACA	4-CACACACA	7.376268	-12.753662	0	T:12.0(8.16%),B:677.0(1.51%),P:1e-5	Tpos:29.5,Tstd:9.0,Bpos:27.9,Bstd:19.8,StrandBias:1.5,Multiplicity:1.25
0.040	0.958	0.001	0.001
0.836	0.001	0.090	0.073
0.152	0.607	0.001	0.240
0.916	0.001	0.001	0.082
0.036	0.857	0.067	0.040
0.997	0.001	0.001	0.001
0.098	0.822	0.079	0.001
0.997	0.001	0.001	0.001
>CCCCCCCC	5-CCCCCCCC	10.107124	-3.783371	0	T:1.0(0.68%),B:7.3(0.02%),P:1e-1	Tpos:16.5,Tstd:0.5,Bpos:17.7,Bstd:15.8,StrandBias:10.0,Multiplicity:1.00
0.203	0.795	0.001	0.001
0.203	0.795	0.001	0.001
0.001	0.997	0.001	0.001
0.001	0.997	0.001	0.001
0.001	0.997	0.001	0.001
0.001	0.864	0.001	0.134
0.001	0.842	0.001	0.156
0.001	0.821	0.001	0.177
