>AAATAAGCTCHC	1-AAATAAGCTCHC	7.289832	-25.685743	0	T:20.0(13.61%),B:839.3(1.88%),P:1e-11	Tpos:27.7,Tstd:14.6,Bpos:27.6,Bstd:16.2,StrandBias:1.1,Multiplicity:1.06
0.559	0.221	0.110	0.110
0.792	0.110	0.001	0.097
0.997	0.001	0.001	0.001
0.001	0.109	0.001	0.889
0.997	0.001	0.001	0.001
0.889	0.001	0.109	0.001
0.110	0.110	0.779	0.001
0.001	0.668	0.110	0.221
0.110	0.001	0.227	0.662
0.110	0.774	0.110	0.006
0.208	0.351	0.110	0.331
0.110	0.682	0.001	0.207
>TGCCCAATAGAA	2-TGCCCAATAGAA	11.418927	-24.397544	0	T:6.0(4.08%),B:16.3(0.04%),P:1e-10	Tpos:21.7,Tstd:8.7,Bpos:27.0,Bstd:14.6,StrandBias:-2.3,Multiplicity:1.00
0.001	0.001	0.001	0.997
0.001	0.001	0.997	0.001
0.329	0.669	0.001	0.001
0.001	0.669	0.329	0.001
0.001	0.997	0.001	0.001
0.649	0.175	0.001	0.175
0.647	0.001	0.351	0.001
0.001	0.001	0.001	0.997
0.669	0.001	0.001	0.329
0.317	0.001	0.681	0.001
0.997	0.001	0.001	0.001
0.997	0.001	0.001	0.001
>AATAARCKRSTT	3-AATAARCKRSTT	11.068497	-21.052817	0	T:5.0(3.40%),B:12.3(0.03%),P:1e-9	Tpos:14.0,Tstd:14.0,Bpos:24.4,Bstd:14.1,StrandBias:2.0,Multiplicity:1.00
0.997	0.001	0.001	0.001
0.997	0.001	0.001	0.001
0.001	0.001	0.001	0.997
0.997	0.001	0.001	0.001
0.997	0.001	0.001	0.001
0.459	0.001	0.539	0.001
0.001	0.997	0.001	0.001
0.001	0.001	0.539	0.459
0.539	0.001	0.459	0.001
0.028	0.460	0.488	0.025
0.001	0.001	0.001	0.997
0.001	0.001	0.001	0.997
>TCTTTAATTTTG	4-TCTTTAATTTTG	11.499443	-19.454143	0	T:8.0(5.44%),B:107.6(0.24%),P:1e-8	Tpos:24.6,Tstd:9.2,Bpos:32.0,Bstd:16.0,StrandBias:-0.7,Multiplicity:1.00
0.001	0.001	0.001	0.997
0.129	0.540	0.232	0.099
0.001	0.231	0.001	0.767
0.001	0.001	0.001	0.997
0.001	0.001	0.231	0.767
0.763	0.001	0.001	0.235
0.907	0.001	0.001	0.091
0.001	0.001	0.175	0.823
0.001	0.001	0.001	0.997
0.175	0.231	0.001	0.593
0.001	0.001	0.001	0.997
0.008	0.001	0.884	0.107
>GCAAAAATTSAA	5-GCAAAAATTSAA	11.915217	-17.771218	0	T:6.0(4.08%),B:49.8(0.11%),P:1e-7	Tpos:45.2,Tstd:6.1,Bpos:26.4,Bstd:16.6,StrandBias:0.0,Multiplicity:1.00
0.159	0.001	0.839	0.001
0.007	0.982	0.010	0.001
0.997	0.001	0.001	0.001
0.997	0.001	0.001	0.001
0.997	0.001	0.001	0.001
0.997	0.001	0.001	0.001
0.997	0.001	0.001	0.001
0.170	0.211	0.001	0.618
0.001	0.010	0.371	0.618
0.170	0.421	0.407	0.001
0.788	0.210	0.001	0.001
0.788	0.001	0.001	0.210
