>WAAAATGGCT	1-WAAAATGGCT	7.240347	-42.502418	0	T:20.0(13.61%),B:339.0(0.76%),P:1e-18	Tpos:50.3,Tstd:5.3,Bpos:26.8,Bstd:14.1,StrandBias:4.2,Multiplicity:1.00
0.544	0.015	0.009	0.432
0.997	0.001	0.001	0.001
0.592	0.291	0.001	0.116
0.997	0.001	0.001	0.001
0.997	0.001	0.001	0.001
0.001	0.001	0.001	0.997
0.001	0.001	0.997	0.001
0.001	0.001	0.641	0.357
0.001	0.997	0.001	0.001
0.001	0.129	0.001	0.869
>AGTAGCAAAC	2-AGTAGCAAAC	9.396952	-20.621091	0	T:8.0(5.44%),B:92.9(0.21%),P:1e-8	Tpos:26.8,Tstd:11.6,Bpos:26.8,Bstd:15.4,StrandBias:10.0,Multiplicity:1.00
0.997	0.001	0.001	0.001
0.193	0.233	0.467	0.107
0.112	0.096	0.198	0.594
0.997	0.001	0.001	0.001
0.077	0.001	0.921	0.001
0.112	0.667	0.103	0.118
0.718	0.280	0.001	0.001
0.997	0.001	0.001	0.001
0.881	0.001	0.117	0.001
0.088	0.781	0.130	0.001
>TTWATGATMA	3-TTWATGATMA	9.057017	-14.791666	0	T:11.0(7.48%),B:452.6(1.01%),P:1e-6	Tpos:26.5,Tstd:17.3,Bpos:28.5,Bstd:17.7,StrandBias:-0.3,Multiplicity:1.00
0.240	0.001	0.174	0.585
0.001	0.001	0.001	0.997
0.490	0.001	0.001	0.508
0.908	0.001	0.001	0.090
0.184	0.001	0.001	0.814
0.121	0.240	0.637	0.002
0.997	0.001	0.001	0.001
0.001	0.001	0.329	0.669
0.389	0.292	0.091	0.228
0.813	0.001	0.001	0.185
>TTGTTCTGGT	4-TTGTTCTGGT	11.733385	-14.361510	0	T:4.0(2.72%),B:19.2(0.04%),P:1e-6	Tpos:20.0,Tstd:9.5,Bpos:24.8,Bstd:11.8,StrandBias:-1.6,Multiplicity:1.00
0.001	0.001	0.001	0.997
0.001	0.001	0.001	0.997
0.001	0.001	0.997	0.001
0.001	0.001	0.001	0.997
0.001	0.001	0.001	0.997
0.001	0.641	0.164	0.194
0.001	0.001	0.001	0.997
0.001	0.001	0.997	0.001
0.001	0.001	0.855	0.143
0.001	0.001	0.266	0.732
>ACACACACAA	5-ACACACACAA	8.350283	-12.661585	0	T:8.0(5.44%),B:264.2(0.59%),P:1e-5	Tpos:35.6,Tstd:9.8,Bpos:27.0,Bstd:21.6,StrandBias:0.7,Multiplicity:1.00
0.700	0.100	0.100	0.100
0.100	0.700	0.100	0.100
0.700	0.100	0.100	0.100
0.100	0.700	0.100	0.100
0.700	0.100	0.100	0.100
0.100	0.700	0.100	0.100
0.700	0.100	0.100	0.100
0.100	0.700	0.100	0.100
0.700	0.100	0.100	0.100
0.700	0.100	0.100	0.100
>AAATAAGCTCHC	1-AAATAAGCTCHC	7.289832	-25.685743	0	T:20.0(13.61%),B:839.3(1.88%),P:1e-11	Tpos:27.7,Tstd:14.6,Bpos:27.6,Bstd:16.2,StrandBias:1.1,Multiplicity:1.06
0.559	0.221	0.110	0.110
0.792	0.110	0.001	0.097
0.997	0.001	0.001	0.001
0.001	0.109	0.001	0.889
0.997	0.001	0.001	0.001
0.889	0.001	0.109	0.001
0.110	0.110	0.779	0.001
0.001	0.668	0.110	0.221
0.110	0.001	0.227	0.662
0.110	0.774	0.110	0.006
0.208	0.351	0.110	0.331
0.110	0.682	0.001	0.207
>TGCCCAATAGAA	2-TGCCCAATAGAA	11.418927	-24.397544	0	T:6.0(4.08%),B:16.3(0.04%),P:1e-10	Tpos:21.7,Tstd:8.7,Bpos:27.0,Bstd:14.6,StrandBias:-2.3,Multiplicity:1.00
0.001	0.001	0.001	0.997
0.001	0.001	0.997	0.001
0.329	0.669	0.001	0.001
0.001	0.669	0.329	0.001
0.001	0.997	0.001	0.001
0.649	0.175	0.001	0.175
0.647	0.001	0.351	0.001
0.001	0.001	0.001	0.997
0.669	0.001	0.001	0.329
0.317	0.001	0.681	0.001
0.997	0.001	0.001	0.001
0.997	0.001	0.001	0.001
>AATAARCKRSTT	3-AATAARCKRSTT	11.068497	-21.052817	0	T:5.0(3.40%),B:12.3(0.03%),P:1e-9	Tpos:14.0,Tstd:14.0,Bpos:24.4,Bstd:14.1,StrandBias:2.0,Multiplicity:1.00
0.997	0.001	0.001	0.001
0.997	0.001	0.001	0.001
0.001	0.001	0.001	0.997
0.997	0.001	0.001	0.001
0.997	0.001	0.001	0.001
0.459	0.001	0.539	0.001
0.001	0.997	0.001	0.001
0.001	0.001	0.539	0.459
0.539	0.001	0.459	0.001
0.028	0.460	0.488	0.025
0.001	0.001	0.001	0.997
0.001	0.001	0.001	0.997
>TCTTTAATTTTG	4-TCTTTAATTTTG	11.499443	-19.454143	0	T:8.0(5.44%),B:107.6(0.24%),P:1e-8	Tpos:24.6,Tstd:9.2,Bpos:32.0,Bstd:16.0,StrandBias:-0.7,Multiplicity:1.00
0.001	0.001	0.001	0.997
0.129	0.540	0.232	0.099
0.001	0.231	0.001	0.767
0.001	0.001	0.001	0.997
0.001	0.001	0.231	0.767
0.763	0.001	0.001	0.235
0.907	0.001	0.001	0.091
0.001	0.001	0.175	0.823
0.001	0.001	0.001	0.997
0.175	0.231	0.001	0.593
0.001	0.001	0.001	0.997
0.008	0.001	0.884	0.107
>GCAAAAATTSAA	5-GCAAAAATTSAA	11.915217	-17.771218	0	T:6.0(4.08%),B:49.8(0.11%),P:1e-7	Tpos:45.2,Tstd:6.1,Bpos:26.4,Bstd:16.6,StrandBias:0.0,Multiplicity:1.00
0.159	0.001	0.839	0.001
0.007	0.982	0.010	0.001
0.997	0.001	0.001	0.001
0.997	0.001	0.001	0.001
0.997	0.001	0.001	0.001
0.997	0.001	0.001	0.001
0.997	0.001	0.001	0.001
0.170	0.211	0.001	0.618
0.001	0.010	0.371	0.618
0.170	0.421	0.407	0.001
0.788	0.210	0.001	0.001
0.788	0.001	0.001	0.210
>ATGKC	1-ATGKC	6.138567	-21.825960	0	T:69.0(46.94%),B:8066.8(23.34%),P:1e-9	Tpos:72.6,Tstd:33.0,Bpos:49.9,Bstd:31.6,StrandBias:1.1,Multiplicity:1.14
0.997	0.001	0.001	0.001
0.001	0.001	0.001	0.997
0.001	0.001	0.997	0.001
0.001	0.001	0.458	0.540
0.001	0.997	0.001	0.001
>ATACA	2-ATACA	5.495074	-9.233313	0	T:87.0(59.18%),B:15046.4(43.54%),P:1e-4	Tpos:56.0,Tstd:27.6,Bpos:50.0,Bstd:37.5,StrandBias:0.6,Multiplicity:1.44
0.672	0.326	0.001	0.001
0.001	0.262	0.001	0.736
0.997	0.001	0.001	0.001
0.001	0.997	0.001	0.001
0.997	0.001	0.001	0.001
>TAAGC	3-TAAGC	5.148096	-5.902242	0	T:33.0(22.45%),B:4745.0(13.73%),P:1e-2	Tpos:34.6,Tstd:31.5,Bpos:51.1,Bstd:36.6,StrandBias:1.2,Multiplicity:1.06
0.100	0.100	0.100	0.700
0.700	0.100	0.100	0.100
0.700	0.100	0.100	0.100
0.100	0.100	0.700	0.100
0.100	0.700	0.100	0.100
>CCCCT	4-CCCCT	3.148107	-2.301416	0	T:21.0(14.29%),B:3677.9(10.64%),P:1e0	Tpos:47.3,Tstd:24.6,Bpos:50.4,Bstd:34.8,StrandBias:-0.1,Multiplicity:1.15
0.001	0.997	0.001	0.001
0.001	0.997	0.001	0.001
0.001	0.960	0.038	0.001
0.001	0.997	0.001	0.001
0.001	0.394	0.001	0.604
>GTCCY	5-GTCCY	5.376801	-2.205126	0	T:49.0(33.33%),B:9820.1(28.41%),P:1e0	Tpos:45.8,Tstd:23.6,Bpos:50.6,Bstd:33.8,StrandBias:-0.2,Multiplicity:1.47
0.001	0.001	0.997	0.001
0.001	0.001	0.001	0.997
0.001	0.609	0.001	0.389
0.001	0.997	0.001	0.001
0.001	0.450	0.001	0.548
>GATGGCY	1-GATGGCY	1.472223	-36.231587	0	T:71.0(48.30%),B:6366.6(18.42%),P:1e-15	Tpos:69.3,Tstd:32.0,Bpos:50.5,Bstd:29.8,StrandBias:1.1,Multiplicity:1.17
0.271	0.071	0.657	0.001
0.997	0.001	0.001	0.001
0.001	0.001	0.001	0.997
0.001	0.001	0.997	0.001
0.059	0.001	0.747	0.193
0.001	0.997	0.001	0.001
0.001	0.547	0.001	0.451
>AATAAGC	2-AATAAGC	8.521280	-15.454983	0	T:30.0(20.41%),B:2489.5(7.20%),P:1e-6	Tpos:46.5,Tstd:31.4,Bpos:51.2,Bstd:37.1,StrandBias:0.9,Multiplicity:1.03
0.997	0.001	0.001	0.001
0.997	0.001	0.001	0.001
0.001	0.001	0.001	0.997
0.997	0.001	0.001	0.001
0.997	0.001	0.001	0.001
0.312	0.001	0.686	0.001
0.001	0.997	0.001	0.001
>TCGYTCT	3-TCGYTCT	5.314805	-10.615679	0	T:44.0(29.93%),B:5606.9(16.22%),P:1e-4	Tpos:45.3,Tstd:26.8,Bpos:50.6,Bstd:34.1,StrandBias:0.0,Multiplicity:1.26
0.001	0.259	0.001	0.739
0.001	0.480	0.243	0.276
0.001	0.206	0.792	0.001
0.205	0.356	0.036	0.404
0.001	0.137	0.132	0.730
0.254	0.744	0.001	0.001
0.203	0.022	0.001	0.774
>GATAATT	4-GATAATT	6.580581	-10.314257	0	T:37.0(25.17%),B:4408.6(12.76%),P:1e-4	Tpos:48.7,Tstd:28.9,Bpos:49.6,Bstd:35.5,StrandBias:-0.1,Multiplicity:1.05
0.001	0.001	0.997	0.001
0.651	0.001	0.001	0.347
0.001	0.001	0.143	0.855
0.780	0.218	0.001	0.001
0.862	0.071	0.001	0.066
0.001	0.242	0.001	0.756
0.156	0.001	0.001	0.842
>ACACACA	5-ACACACA	6.201041	-6.854249	0	T:27.0(18.37%),B:3387.6(9.80%),P:1e-2	Tpos:68.0,Tstd:23.5,Bpos:50.1,Bstd:37.3,StrandBias:0.8,Multiplicity:1.08
0.905	0.021	0.027	0.047
0.047	0.643	0.001	0.309
0.938	0.019	0.026	0.017
0.001	0.837	0.014	0.148
0.997	0.001	0.001	0.001
0.068	0.735	0.118	0.079
0.972	0.026	0.001	0.001
>AMAATGGC	1-AMAATGGC	7.396438	-31.410790	0	T:22.0(14.97%),B:784.0(1.75%),P:1e-13	Tpos:48.5,Tstd:8.8,Bpos:27.8,Bstd:14.5,StrandBias:3.3,Multiplicity:1.00
0.997	0.001	0.001	0.001
0.426	0.533	0.001	0.040
0.997	0.001	0.001	0.001
0.997	0.001	0.001	0.001
0.001	0.001	0.001	0.997
0.001	0.077	0.877	0.045
0.045	0.001	0.775	0.179
0.032	0.926	0.001	0.041
>AATAACCT	2-AATAACCT	6.767181	-21.031820	0	T:23.0(15.65%),B:1480.0(3.31%),P:1e-9	Tpos:21.5,Tstd:14.2,Bpos:27.9,Bstd:16.9,StrandBias:2.3,Multiplicity:1.04
0.692	0.001	0.001	0.306
0.769	0.141	0.001	0.089
0.087	0.001	0.108	0.804
0.912	0.086	0.001	0.001
0.851	0.129	0.019	0.001
0.001	0.691	0.307	0.001
0.011	0.977	0.001	0.011
0.248	0.001	0.240	0.511
>ACTTAGTT	3-ACTTAGTT	7.117562	-14.591081	0	T:22.0(14.97%),B:1945.6(4.35%),P:1e-6	Tpos:25.3,Tstd:13.6,Bpos:27.9,Bstd:17.6,StrandBias:-1.8,Multiplicity:1.05
0.886	0.063	0.001	0.050
0.080	0.556	0.342	0.022
0.001	0.001	0.345	0.653
0.100	0.001	0.100	0.799
0.655	0.065	0.001	0.279
0.114	0.128	0.510	0.248
0.001	0.001	0.001	0.997
0.021	0.001	0.001	0.977
>CACACACA	4-CACACACA	7.376268	-12.753662	0	T:12.0(8.16%),B:677.0(1.51%),P:1e-5	Tpos:29.5,Tstd:9.0,Bpos:27.9,Bstd:19.8,StrandBias:1.5,Multiplicity:1.25
0.040	0.958	0.001	0.001
0.836	0.001	0.090	0.073
0.152	0.607	0.001	0.240
0.916	0.001	0.001	0.082
0.036	0.857	0.067	0.040
0.997	0.001	0.001	0.001
0.098	0.822	0.079	0.001
0.997	0.001	0.001	0.001
>CCCCCCCC	5-CCCCCCCC	10.107124	-3.783371	0	T:1.0(0.68%),B:7.3(0.02%),P:1e-1	Tpos:16.5,Tstd:0.5,Bpos:17.7,Bstd:15.8,StrandBias:10.0,Multiplicity:1.00
0.203	0.795	0.001	0.001
0.203	0.795	0.001	0.001
0.001	0.997	0.001	0.001
0.001	0.997	0.001	0.001
0.001	0.997	0.001	0.001
0.001	0.864	0.001	0.134
0.001	0.842	0.001	0.156
0.001	0.821	0.001	0.177
>AAAATGTCT	1-AAAATGTCT	7.648462	-48.538709	0	T:31.0(21.09%),B:736.6(2.13%),P:1e-21	Tpos:76.6,Tstd:29.2,Bpos:49.8,Bstd:31.9,StrandBias:2.8,Multiplicity:1.00
0.963	0.001	0.001	0.035
0.639	0.109	0.001	0.251
0.868	0.047	0.084	0.001
0.960	0.001	0.038	0.001
0.021	0.001	0.001	0.977
0.001	0.001	0.997	0.001
0.001	0.001	0.255	0.743
0.010	0.959	0.022	0.009
0.018	0.001	0.001	0.980
>ATACACAGA	2-ATACACAGA	7.549707	-22.664052	0	T:21.0(14.29%),B:860.4(2.49%),P:1e-9	Tpos:59.2,Tstd:28.6,Bpos:50.9,Bstd:36.0,StrandBias:0.7,Multiplicity:1.00
0.997	0.001	0.001	0.001
0.081	0.001	0.001	0.917
0.997	0.001	0.001	0.001
0.057	0.941	0.001	0.001
0.734	0.129	0.136	0.001
0.038	0.880	0.081	0.001
0.997	0.001	0.001	0.001
0.001	0.121	0.735	0.143
0.997	0.001	0.001	0.001
>CAGCAAACA	3-CAGCAAACA	8.230280	-20.018354	0	T:16.0(10.88%),B:545.4(1.58%),P:1e-8	Tpos:55.6,Tstd:25.6,Bpos:46.9,Bstd:34.9,StrandBias:2.2,Multiplicity:1.06
0.182	0.656	0.089	0.073
0.815	0.001	0.106	0.078
0.001	0.001	0.929	0.069
0.001	0.997	0.001	0.001
0.997	0.001	0.001	0.001
0.997	0.001	0.001	0.001
0.899	0.001	0.099	0.001
0.041	0.897	0.061	0.001
0.868	0.001	0.130	0.001
>GGTTTGTCG	4-GGTTTGTCG	8.920139	-18.974427	0	T:8.0(5.44%),B:88.2(0.26%),P:1e-8	Tpos:45.2,Tstd:20.4,Bpos:53.3,Bstd:31.5,StrandBias:0.0,Multiplicity:1.00
0.001	0.001	0.997	0.001
0.001	0.001	0.997	0.001
0.001	0.162	0.001	0.836
0.001	0.001	0.173	0.825
0.001	0.001	0.001	0.997
0.001	0.110	0.888	0.001
0.154	0.190	0.001	0.655
0.001	0.926	0.001	0.072
0.001	0.001	0.997	0.001
>AACTAAGTA	5-AACTAAGTA	6.826785	-18.780088	0	T:24.0(16.33%),B:1402.2(4.06%),P:1e-8	Tpos:52.6,Tstd:27.9,Bpos:51.7,Bstd:38.8,StrandBias:0.4,Multiplicity:1.08
0.908	0.001	0.090	0.001
0.887	0.111	0.001	0.001
0.001	0.845	0.119	0.035
0.036	0.092	0.001	0.871
0.997	0.001	0.001	0.001
0.862	0.092	0.001	0.045
0.024	0.001	0.933	0.042
0.048	0.001	0.001	0.950
0.819	0.107	0.001	0.073
