>GATGGCY	1-GATGGCY	1.472223	-36.231587	0	T:71.0(48.30%),B:6366.6(18.42%),P:1e-15	Tpos:69.3,Tstd:32.0,Bpos:50.5,Bstd:29.8,StrandBias:1.1,Multiplicity:1.17
0.271	0.071	0.657	0.001
0.997	0.001	0.001	0.001
0.001	0.001	0.001	0.997
0.001	0.001	0.997	0.001
0.059	0.001	0.747	0.193
0.001	0.997	0.001	0.001
0.001	0.547	0.001	0.451
>AATAAGC	2-AATAAGC	8.521280	-15.454983	0	T:30.0(20.41%),B:2489.5(7.20%),P:1e-6	Tpos:46.5,Tstd:31.4,Bpos:51.2,Bstd:37.1,StrandBias:0.9,Multiplicity:1.03
0.997	0.001	0.001	0.001
0.997	0.001	0.001	0.001
0.001	0.001	0.001	0.997
0.997	0.001	0.001	0.001
0.997	0.001	0.001	0.001
0.312	0.001	0.686	0.001
0.001	0.997	0.001	0.001
>TCGYTCT	3-TCGYTCT	5.314805	-10.615679	0	T:44.0(29.93%),B:5606.9(16.22%),P:1e-4	Tpos:45.3,Tstd:26.8,Bpos:50.6,Bstd:34.1,StrandBias:0.0,Multiplicity:1.26
0.001	0.259	0.001	0.739
0.001	0.480	0.243	0.276
0.001	0.206	0.792	0.001
0.205	0.356	0.036	0.404
0.001	0.137	0.132	0.730
0.254	0.744	0.001	0.001
0.203	0.022	0.001	0.774
>GATAATT	4-GATAATT	6.580581	-10.314257	0	T:37.0(25.17%),B:4408.6(12.76%),P:1e-4	Tpos:48.7,Tstd:28.9,Bpos:49.6,Bstd:35.5,StrandBias:-0.1,Multiplicity:1.05
0.001	0.001	0.997	0.001
0.651	0.001	0.001	0.347
0.001	0.001	0.143	0.855
0.780	0.218	0.001	0.001
0.862	0.071	0.001	0.066
0.001	0.242	0.001	0.756
0.156	0.001	0.001	0.842
>ACACACA	5-ACACACA	6.201041	-6.854249	0	T:27.0(18.37%),B:3387.6(9.80%),P:1e-2	Tpos:68.0,Tstd:23.5,Bpos:50.1,Bstd:37.3,StrandBias:0.8,Multiplicity:1.08
0.905	0.021	0.027	0.047
0.047	0.643	0.001	0.309
0.938	0.019	0.026	0.017
0.001	0.837	0.014	0.148
0.997	0.001	0.001	0.001
0.068	0.735	0.118	0.079
0.972	0.026	0.001	0.001
