>AAAATGTCT	1-AAAATGTCT	7.648462	-48.538709	0	T:31.0(21.09%),B:736.6(2.13%),P:1e-21	Tpos:76.6,Tstd:29.2,Bpos:49.8,Bstd:31.9,StrandBias:2.8,Multiplicity:1.00
0.963	0.001	0.001	0.035
0.639	0.109	0.001	0.251
0.868	0.047	0.084	0.001
0.960	0.001	0.038	0.001
0.021	0.001	0.001	0.977
0.001	0.001	0.997	0.001
0.001	0.001	0.255	0.743
0.010	0.959	0.022	0.009
0.018	0.001	0.001	0.980
>ATACACAGA	2-ATACACAGA	7.549707	-22.664052	0	T:21.0(14.29%),B:860.4(2.49%),P:1e-9	Tpos:59.2,Tstd:28.6,Bpos:50.9,Bstd:36.0,StrandBias:0.7,Multiplicity:1.00
0.997	0.001	0.001	0.001
0.081	0.001	0.001	0.917
0.997	0.001	0.001	0.001
0.057	0.941	0.001	0.001
0.734	0.129	0.136	0.001
0.038	0.880	0.081	0.001
0.997	0.001	0.001	0.001
0.001	0.121	0.735	0.143
0.997	0.001	0.001	0.001
>CAGCAAACA	3-CAGCAAACA	8.230280	-20.018354	0	T:16.0(10.88%),B:545.4(1.58%),P:1e-8	Tpos:55.6,Tstd:25.6,Bpos:46.9,Bstd:34.9,StrandBias:2.2,Multiplicity:1.06
0.182	0.656	0.089	0.073
0.815	0.001	0.106	0.078
0.001	0.001	0.929	0.069
0.001	0.997	0.001	0.001
0.997	0.001	0.001	0.001
0.997	0.001	0.001	0.001
0.899	0.001	0.099	0.001
0.041	0.897	0.061	0.001
0.868	0.001	0.130	0.001
>GGTTTGTCG	4-GGTTTGTCG	8.920139	-18.974427	0	T:8.0(5.44%),B:88.2(0.26%),P:1e-8	Tpos:45.2,Tstd:20.4,Bpos:53.3,Bstd:31.5,StrandBias:0.0,Multiplicity:1.00
0.001	0.001	0.997	0.001
0.001	0.001	0.997	0.001
0.001	0.162	0.001	0.836
0.001	0.001	0.173	0.825
0.001	0.001	0.001	0.997
0.001	0.110	0.888	0.001
0.154	0.190	0.001	0.655
0.001	0.926	0.001	0.072
0.001	0.001	0.997	0.001
>AACTAAGTA	5-AACTAAGTA	6.826785	-18.780088	0	T:24.0(16.33%),B:1402.2(4.06%),P:1e-8	Tpos:52.6,Tstd:27.9,Bpos:51.7,Bstd:38.8,StrandBias:0.4,Multiplicity:1.08
0.908	0.001	0.090	0.001
0.887	0.111	0.001	0.001
0.001	0.845	0.119	0.035
0.036	0.092	0.001	0.871
0.997	0.001	0.001	0.001
0.862	0.092	0.001	0.045
0.024	0.001	0.933	0.042
0.048	0.001	0.001	0.950
0.819	0.107	0.001	0.073
