>MAWMATGGCT	1-MAWMATGGCT	4.942684	-25.868090	0	T:20.0(9.95%),B:637.6(1.34%),P:1e-11	Tpos:44.7,Tstd:12.2,Bpos:27.1,Bstd:14.3,StrandBias:2.0,Multiplicity:1.00
0.452	0.546	0.001	0.001
0.616	0.001	0.382	0.001
0.541	0.030	0.001	0.428
0.477	0.521	0.001	0.001
0.997	0.001	0.001	0.001
0.068	0.001	0.001	0.930
0.001	0.001	0.997	0.001
0.001	0.001	0.915	0.083
0.001	0.997	0.001	0.001
0.001	0.001	0.001	0.997
>ATAAAASTMC	2-ATAAAASTMC	8.835920	-18.778967	0	T:13.0(6.47%),B:362.9(0.76%),P:1e-8	Tpos:22.9,Tstd:11.1,Bpos:26.9,Bstd:17.1,StrandBias:1.7,Multiplicity:1.00
0.997	0.001	0.001	0.001
0.001	0.001	0.001	0.997
0.640	0.160	0.001	0.199
0.881	0.001	0.001	0.117
0.896	0.001	0.001	0.102
0.997	0.001	0.001	0.001
0.001	0.549	0.443	0.007
0.001	0.001	0.414	0.584
0.500	0.492	0.001	0.007
0.001	0.904	0.012	0.083
>CGTTTTTAGT	3-CGTTTTTAGT	9.366122	-18.291543	0	T:10.0(4.98%),B:189.1(0.40%),P:1e-7	Tpos:29.1,Tstd:12.6,Bpos:26.4,Bstd:16.0,StrandBias:-1.2,Multiplicity:1.00
0.118	0.759	0.001	0.122
0.122	0.001	0.784	0.093
0.001	0.001	0.223	0.775
0.001	0.001	0.001	0.997
0.001	0.030	0.141	0.828
0.001	0.001	0.001	0.997
0.001	0.001	0.001	0.997
0.868	0.001	0.001	0.130
0.001	0.001	0.997	0.001
0.001	0.001	0.001	0.997
>CACACACAAA	4-CACACACAAA	8.482979	-11.992515	0	T:11.0(5.47%),B:469.3(0.98%),P:1e-5	Tpos:25.1,Tstd:9.3,Bpos:27.0,Bstd:21.4,StrandBias:3.8,Multiplicity:1.00
0.124	0.675	0.037	0.164
0.704	0.106	0.024	0.166
0.263	0.530	0.001	0.206
0.842	0.156	0.001	0.001
0.299	0.568	0.029	0.104
0.905	0.001	0.093	0.001
0.282	0.586	0.001	0.131
0.891	0.001	0.107	0.001
0.514	0.331	0.001	0.154
0.668	0.118	0.090	0.124
>TAGAAGBTTC	5-TAGAAGBTTC	8.890939	-11.109270	0	T:8.0(3.98%),B:254.1(0.53%),P:1e-4	Tpos:17.5,Tstd:11.5,Bpos:28.6,Bstd:13.9,StrandBias:0.3,Multiplicity:1.00
0.109	0.001	0.001	0.889
0.710	0.001	0.001	0.288
0.151	0.001	0.847	0.001
0.803	0.001	0.195	0.001
0.997	0.001	0.001	0.001
0.131	0.225	0.643	0.001
0.001	0.396	0.297	0.306
0.001	0.001	0.001	0.997
0.001	0.224	0.001	0.774
0.001	0.997	0.001	0.001
