>ATATAAGTACAA	1-ATATAAGTACAA	14.323862	-21.227127	0	T:5.0(2.49%),B:9.3(0.02%),P:1e-9	Tpos:29.4,Tstd:10.1,Bpos:27.9,Bstd:17.9,StrandBias:10.0,Multiplicity:1.00
0.997	0.001	0.001	0.001
0.199	0.001	0.001	0.799
0.997	0.001	0.001	0.001
0.199	0.001	0.001	0.799
0.997	0.001	0.001	0.001
0.997	0.001	0.001	0.001
0.001	0.199	0.799	0.001
0.001	0.001	0.001	0.997
0.997	0.001	0.001	0.001
0.001	0.997	0.001	0.001
0.997	0.001	0.001	0.001
0.799	0.001	0.199	0.001
>AAACWAGAAAGW	2-AAACWAGAAAGW	7.347942	-17.054295	0	T:10.0(4.98%),B:216.4(0.45%),P:1e-7	Tpos:26.4,Tstd:11.2,Bpos:28.7,Bstd:14.7,StrandBias:2.0,Multiplicity:1.00
0.595	0.001	0.403	0.001
0.997	0.001	0.001	0.001
0.997	0.001	0.001	0.001
0.001	0.997	0.001	0.001
0.504	0.001	0.086	0.409
0.997	0.001	0.001	0.001
0.001	0.001	0.997	0.001
0.997	0.001	0.001	0.001
0.921	0.001	0.001	0.077
0.985	0.001	0.001	0.013
0.409	0.001	0.589	0.001
0.504	0.001	0.078	0.417
>GAATAATAGTCC	3-GAATAATAGTCC	9.190459	-13.933010	0	T:11.0(5.47%),B:382.4(0.80%),P:1e-6	Tpos:27.5,Tstd:14.2,Bpos:28.4,Bstd:14.0,StrandBias:1.4,Multiplicity:1.00
0.076	0.152	0.469	0.303
0.696	0.076	0.001	0.227
0.997	0.001	0.001	0.001
0.001	0.151	0.001	0.847
0.923	0.001	0.075	0.001
0.847	0.001	0.076	0.076
0.231	0.001	0.001	0.767
0.771	0.001	0.001	0.227
0.076	0.076	0.620	0.228
0.076	0.001	0.076	0.847
0.156	0.616	0.001	0.227
0.303	0.620	0.076	0.001
>CTCAAACACAAA	4-CTCAAACACAAA	11.783885	-11.054172	0	T:3.0(1.49%),B:11.2(0.02%),P:1e-4	Tpos:16.0,Tstd:7.3,Bpos:29.7,Bstd:19.7,StrandBias:10.0,Multiplicity:1.00
0.203	0.724	0.041	0.032
0.203	0.087	0.041	0.669
0.036	0.721	0.081	0.162
0.724	0.081	0.001	0.194
0.683	0.195	0.041	0.081
0.958	0.001	0.040	0.001
0.122	0.715	0.041	0.122
0.805	0.122	0.032	0.041
0.276	0.527	0.035	0.162
0.843	0.081	0.041	0.035
0.717	0.209	0.001	0.073
0.919	0.001	0.040	0.040
>AAAAAAAAAAAA	5-AAAAAAAAAAAA	9.609401	-7.760536	0	T:20.0(9.95%),B:2034.6(4.27%),P:1e-3	Tpos:31.4,Tstd:9.5,Bpos:27.7,Bstd:15.1,StrandBias:2.3,Multiplicity:1.05
0.841	0.067	0.045	0.047
0.822	0.059	0.056	0.063
0.795	0.056	0.076	0.073
0.813	0.064	0.039	0.084
0.841	0.069	0.033	0.057
0.787	0.112	0.040	0.061
0.885	0.079	0.001	0.035
0.861	0.092	0.020	0.027
0.834	0.093	0.029	0.044
0.869	0.083	0.027	0.021
0.847	0.081	0.018	0.054
0.811	0.066	0.063	0.060
