>AGCGAGCT	1-AGCGAGCT	7.653234	-15.862680	0	T:10.0(4.98%),B:246.6(0.52%),P:1e-6	Tpos:29.1,Tstd:15.6,Bpos:25.5,Bstd:18.8,StrandBias:2.2,Multiplicity:1.10
0.878	0.001	0.001	0.120
0.078	0.001	0.920	0.001
0.001	0.997	0.001	0.001
0.080	0.112	0.807	0.001
0.777	0.001	0.140	0.082
0.001	0.001	0.997	0.001
0.099	0.899	0.001	0.001
0.001	0.160	0.001	0.838
>ATAGGGGT	2-ATAGGGGT	7.655911	-14.416779	0	T:13.0(6.47%),B:531.7(1.12%),P:1e-6	Tpos:27.2,Tstd:14.5,Bpos:28.3,Bstd:17.0,StrandBias:0.2,Multiplicity:1.00
0.997	0.001	0.001	0.001
0.101	0.001	0.122	0.776
0.869	0.001	0.129	0.001
0.075	0.001	0.724	0.200
0.001	0.001	0.918	0.080
0.083	0.001	0.833	0.083
0.001	0.001	0.997	0.001
0.001	0.001	0.001	0.997
>TATTTGCG	3-TATTTGCG	7.719324	-13.848215	0	T:17.0(8.46%),B:967.9(2.03%),P:1e-6	Tpos:26.3,Tstd:9.1,Bpos:28.1,Bstd:17.7,StrandBias:-0.7,Multiplicity:1.00
0.100	0.001	0.132	0.767
0.908	0.001	0.001	0.090
0.001	0.001	0.001	0.997
0.001	0.001	0.001	0.997
0.001	0.001	0.001	0.997
0.099	0.223	0.677	0.001
0.001	0.997	0.001	0.001
0.001	0.081	0.744	0.174
>CACACACA	4-CACACACA	4.804472	-11.688691	0	T:37.0(18.41%),B:4095.4(8.59%),P:1e-5	Tpos:28.7,Tstd:10.0,Bpos:27.8,Bstd:19.7,StrandBias:2.5,Multiplicity:1.11
0.089	0.774	0.039	0.098
0.703	0.106	0.120	0.071
0.050	0.797	0.066	0.087
0.734	0.135	0.089	0.042
0.111	0.792	0.027	0.070
0.796	0.066	0.092	0.046
0.150	0.708	0.045	0.097
0.704	0.091	0.091	0.114
>CACACAAA	5-CACACAAA	6.149170	-10.149513	0	T:54.0(26.87%),B:7503.9(15.74%),P:1e-4	Tpos:27.2,Tstd:12.2,Bpos:28.2,Bstd:16.8,StrandBias:2.3,Multiplicity:1.23
0.306	0.606	0.031	0.057
0.861	0.001	0.001	0.137
0.312	0.490	0.042	0.155
0.686	0.001	0.139	0.174
0.145	0.665	0.085	0.105
0.861	0.001	0.001	0.137
0.997	0.001	0.001	0.001
0.877	0.121	0.001	0.001
